<?xml version="1.0" encoding="UTF-8" standalone="no"?>
<!DOCTYPE svg PUBLIC "-//W3C//DTD SVG 20010904//EN"
              "http://www.w3.org/TR/2001/REC-SVG-20010904/DTD/svg10.dtd">

<svg xmlns="http://www.w3.org/2000/svg"
     width="3.33in" height="2.49333in"
     viewBox="0 0 999 748">
  <path id="Auswahl"
        fill="none" stroke="black" stroke-width="1"
        d="M 416.00,15.00
           C 421.39,15.07 423.09,14.96 427.00,19.00
             427.00,19.00 416.00,21.00 416.00,21.00
             416.00,21.00 416.00,30.00 416.00,30.00
             416.00,30.00 421.00,30.00 421.00,30.00
             416.52,64.00 419.02,98.99 428.43,132.00
             431.33,142.18 434.62,152.40 439.12,162.00
             439.12,162.00 448.75,182.00 448.75,182.00
             449.09,184.16 449.00,186.76 448.75,189.00
             449.02,199.89 447.91,204.49 446.00,215.00
             451.83,217.43 446.07,218.92 446.00,229.00
             446.00,229.00 446.00,249.00 446.00,249.00
             446.04,251.11 445.97,253.80 447.60,255.40
             449.67,257.43 452.56,256.56 455.00,256.00
             453.90,253.45 453.40,252.90 453.81,250.00
             454.13,247.81 455.04,246.51 454.65,244.00
             454.05,240.21 450.88,238.01 449.45,234.83
             448.79,232.39 448.83,225.65 449.45,223.00
             449.87,218.38 453.89,210.73 455.80,206.00
             455.80,206.00 465.57,177.00 465.57,177.00
             472.93,151.20 474.95,129.61 475.00,103.00
             475.02,90.11 479.39,92.39 480.00,80.00
             475.56,80.00 472.69,80.72 469.00,78.00
             469.00,78.00 482.00,74.00 482.00,74.00
             482.00,74.00 483.00,62.00 483.00,62.00
             489.12,64.68 489.83,66.57 490.00,73.00
             494.84,72.48 496.48,72.57 499.00,77.00
             499.00,77.00 490.15,78.00 490.15,78.00
             490.15,78.00 490.15,88.00 490.15,88.00
             491.05,91.64 492.64,92.47 492.93,96.99
             492.93,96.99 492.00,111.00 492.00,111.00
             491.80,130.65 494.50,154.13 500.03,173.00
             502.49,181.38 505.84,192.16 509.49,200.00
             513.47,208.57 517.95,214.24 518.00,224.00
             518.05,233.03 518.27,238.30 515.00,247.00
             515.00,247.00 520.00,248.00 520.00,248.00
             520.00,248.00 515.00,255.00 515.00,255.00
             521.02,256.46 528.72,256.11 535.00,256.00
             539.65,255.91 543.88,254.89 542.67,249.00
             541.47,243.22 537.17,244.37 537.00,235.00
             536.80,223.53 541.10,218.58 545.19,208.00
             549.47,196.93 552.78,185.51 555.63,174.00
             561.39,150.64 562.96,132.89 563.00,109.00
             563.02,95.85 566.97,97.47 568.00,86.00
             568.00,86.00 557.00,85.00 557.00,85.00
             557.00,85.00 567.40,79.27 567.40,79.27
             567.40,79.27 572.00,67.00 572.00,67.00
             577.65,71.97 576.31,72.14 578.00,79.00
             582.81,77.80 583.79,78.25 587.00,82.00
             579.82,83.36 577.28,83.06 577.00,91.00
             577.00,91.00 582.00,91.00 582.00,91.00
             578.31,119.01 579.68,150.81 587.72,178.00
             590.40,187.05 593.03,195.33 596.86,204.00
             602.81,217.48 606.18,218.91 606.00,234.00
             605.89,242.61 603.34,244.59 603.04,252.00
             602.61,262.62 606.06,265.16 609.10,274.00
             610.80,278.94 614.10,299.18 613.70,304.00
             613.47,306.77 610.39,314.41 608.35,316.28
             606.95,317.56 604.84,318.20 603.00,318.52
             596.57,319.61 594.05,316.75 592.10,311.00
             590.46,306.13 591.00,297.39 591.00,292.00
             591.00,292.00 590.00,258.00 590.00,258.00
             583.84,259.10 577.80,259.96 572.00,257.00
             580.20,254.29 586.44,255.76 588.98,251.72
             590.21,249.77 590.00,246.27 589.81,244.00
             589.81,244.00 589.81,229.00 589.81,229.00
             589.81,229.00 578.43,198.00 578.43,198.00
             578.43,198.00 570.00,165.00 570.00,165.00
             569.16,175.32 564.35,193.80 561.28,204.00
             558.50,213.22 556.02,216.02 555.78,226.00
             555.78,226.00 555.78,261.00 555.78,261.00
             554.28,268.65 549.45,268.99 543.00,268.95
             543.00,268.95 516.00,268.95 516.00,268.95
             516.00,268.95 511.00,268.95 511.00,268.95
             498.94,267.13 504.99,255.84 501.98,251.31
             499.46,247.54 496.05,250.72 491.00,247.00
             491.00,247.00 503.00,247.00 503.00,247.00
             503.00,247.00 502.00,230.00 502.00,230.00
             501.98,218.94 498.50,216.04 495.00,206.00
             490.89,194.21 484.56,173.19 484.00,161.00
             484.00,161.00 482.00,161.00 482.00,161.00
             481.16,171.27 476.32,188.82 473.28,199.00
             470.81,207.30 468.11,210.98 468.00,220.00
             468.00,220.00 468.00,236.00 468.00,236.00
             468.00,236.00 467.34,247.00 467.34,247.00
             467.34,247.00 468.00,261.00 468.00,261.00
             467.99,262.82 468.15,265.92 466.98,267.40
             465.41,269.38 461.30,269.00 459.00,269.00
             459.00,269.00 446.00,269.00 446.00,269.00
             446.00,272.16 446.86,281.91 444.43,283.83
             442.36,285.45 435.87,284.82 433.00,285.00
             429.73,275.10 430.85,249.55 431.00,238.00
             431.11,229.84 436.05,223.94 425.00,221.00
             425.00,221.00 425.00,216.00 425.00,216.00
             425.00,216.00 431.00,216.00 431.00,216.00
             431.00,216.00 431.00,196.00 431.00,196.00
             430.89,187.22 427.58,181.94 424.40,174.00
             424.40,174.00 416.00,149.00 416.00,149.00
             416.00,149.00 408.00,114.00 408.00,114.00
             408.00,114.00 398.12,157.00 398.12,157.00
             394.85,167.67 391.02,173.39 391.00,185.00
             391.00,185.00 391.00,217.00 391.00,217.00
             393.55,217.00 397.59,217.28 399.79,215.98
             403.12,214.01 407.01,200.33 413.01,207.33
             413.62,208.04 414.15,209.16 414.53,210.02
             415.23,211.63 415.60,213.30 416.00,215.00
             411.38,214.21 411.33,212.90 409.00,209.00
             409.00,209.00 400.00,225.00 400.00,225.00
             400.00,225.00 391.00,224.00 391.00,224.00
             391.00,224.00 391.00,246.00 391.00,246.00
             391.00,246.00 390.00,262.00 390.00,262.00
             390.00,262.00 390.00,288.00 390.00,288.00
             389.99,291.79 390.00,297.47 387.72,300.69
             384.62,305.06 378.07,301.47 376.02,297.83
             374.52,295.17 374.99,287.32 375.00,284.00
             375.00,284.00 375.96,273.00 375.96,273.00
             375.96,273.00 375.96,260.00 375.96,260.00
             376.00,257.70 376.21,254.26 374.98,252.27
             373.05,249.15 369.01,249.38 362.00,242.91
             360.05,241.11 353.99,233.93 352.00,233.62
             349.86,233.29 348.30,235.62 347.12,237.02
             343.11,241.78 341.18,243.81 336.00,247.43
             324.52,255.47 306.86,261.05 293.00,263.00
             293.00,263.00 293.00,287.00 293.00,287.00
             293.00,287.00 292.00,304.00 292.00,304.00
             291.99,313.48 294.18,318.99 283.01,322.00
             283.01,322.00 283.01,271.00 283.01,271.00
             282.95,267.25 280.95,257.22 283.01,254.60
             284.44,252.81 297.74,252.43 300.85,252.00
             300.85,252.00 300.85,227.09 300.85,227.09
             300.85,227.09 297.00,218.00 297.00,218.00
             300.99,215.75 300.91,214.42 301.00,210.00
             301.00,210.00 301.00,185.00 301.00,185.00
             300.95,174.14 296.12,166.12 293.14,156.00
             293.14,156.00 283.00,118.00 283.00,118.00
             280.64,135.87 276.36,153.91 270.67,171.00
             263.76,191.73 260.73,191.96 261.00,215.00
             261.04,218.41 261.19,219.68 262.00,223.00
             265.32,222.18 269.95,222.11 272.30,219.57
             276.73,214.79 276.10,205.83 282.00,202.00
             282.00,202.00 287.00,217.00 287.00,217.00
             287.00,217.00 286.00,218.00 286.00,218.00
             286.00,218.00 284.00,218.00 284.00,218.00
             284.00,218.00 281.00,212.00 281.00,212.00
             281.00,212.00 278.23,218.58 278.23,218.58
             278.23,218.58 277.05,225.51 277.05,225.51
             277.05,225.51 269.00,230.00 269.00,230.00
             269.00,230.00 261.00,229.00 261.00,229.00
             261.00,229.00 261.00,280.00 261.00,280.00
             261.00,280.00 260.00,296.00 260.00,296.00
             260.00,296.00 260.00,320.00 260.00,320.00
             240.44,322.64 235.93,329.78 224.00,332.57
             219.24,333.68 204.43,336.22 201.58,339.43
             199.64,341.62 198.81,347.97 198.20,351.00
             198.20,351.00 192.94,377.00 192.94,377.00
             191.87,380.78 186.78,387.39 182.15,385.60
             178.92,384.35 179.53,380.69 179.92,378.00
             179.92,378.00 183.75,356.00 183.75,356.00
             185.27,347.27 185.94,346.16 186.00,337.00
             186.01,335.32 185.93,332.74 186.60,331.21
             188.66,326.47 199.33,324.54 204.00,323.37
             204.00,323.37 233.00,316.13 233.00,316.13
             236.09,315.35 242.21,314.43 243.98,311.70
             245.45,309.42 244.97,302.88 245.00,300.00
             245.00,300.00 246.00,285.00 246.00,285.00
             246.00,285.00 246.00,238.00 246.00,238.00
             245.84,229.29 240.18,227.42 246.00,225.00
             243.66,212.56 242.98,212.06 243.19,199.00
             243.00,196.81 242.93,194.12 243.19,192.00
             243.19,192.00 253.05,170.00 253.05,170.00
             256.43,162.58 262.07,145.10 264.11,137.00
             271.62,107.07 273.14,88.55 273.00,58.00
             273.00,58.00 272.25,46.00 272.25,46.00
             272.89,39.34 275.96,38.52 276.00,26.00
             271.43,25.47 270.22,25.16 268.00,21.00
             268.00,21.00 276.00,20.00 276.00,20.00
             276.00,12.03 274.65,8.61 283.00,5.00
             283.63,7.43 285.49,17.30 286.60,18.40
             288.83,20.64 295.87,20.00 299.00,20.00
             297.21,25.18 291.94,25.56 287.00,26.00
             287.68,40.67 292.98,36.33 293.00,51.00
             293.05,84.58 294.07,100.20 303.42,133.00
             303.42,133.00 312.86,161.00 312.86,161.00
             312.86,161.00 321.37,180.00 321.37,180.00
             322.22,183.02 322.06,189.64 322.00,193.00
             321.82,202.47 317.64,201.71 316.30,208.00
             315.36,212.45 317.57,215.72 317.68,218.91
             317.77,221.61 316.53,222.70 316.06,226.04
             316.06,226.04 316.06,244.00 316.06,244.00
             324.06,240.85 332.04,232.65 336.02,225.00
             337.48,222.19 338.93,218.12 339.53,215.00
             339.88,213.23 339.92,210.09 340.99,208.72
             342.60,206.68 349.38,205.53 352.00,205.00
             352.00,205.00 355.15,215.00 355.15,215.00
             358.70,222.10 369.24,232.71 376.00,237.00
             376.00,226.04 374.23,224.06 374.24,221.91
             374.26,218.28 376.68,215.30 375.68,211.00
             374.77,207.05 371.62,205.18 370.23,202.00
             369.42,200.02 369.84,188.56 370.23,186.00
             370.95,180.86 374.56,174.87 376.55,170.00
             376.55,170.00 386.85,140.00 386.85,140.00
             386.85,140.00 396.29,97.00 396.29,97.00
             396.29,97.00 397.83,89.00 397.83,89.00
             397.83,89.00 399.00,49.00 399.00,49.00
             399.03,35.36 404.68,37.27 405.00,23.00
             405.00,23.00 393.00,23.00 393.00,23.00
             395.40,16.13 401.40,20.25 405.40,16.27
             406.51,15.16 408.32,4.63 409.00,2.00
             417.19,4.45 416.00,7.52 416.00,15.00 Z
           M 964.24,418.00
           C 959.95,426.44 954.25,435.61 947.00,441.79
             943.93,444.40 941.42,445.49 938.00,447.42
             922.45,456.22 916.77,457.21 899.00,457.00
             889.63,456.89 881.12,452.12 874.04,446.19
             858.32,433.04 849.98,408.06 850.00,388.00
             850.00,388.00 850.00,368.00 850.00,368.00
             850.13,360.80 851.69,362.53 853.41,355.99
             853.41,355.99 859.50,332.00 859.50,332.00
             866.68,309.51 876.77,283.53 893.09,266.00
             897.56,261.20 899.97,259.68 904.68,255.72
             911.71,249.80 911.15,249.15 920.00,244.08
             940.38,232.64 972.04,222.73 989.67,244.08
             992.05,246.87 994.20,250.48 995.45,254.00
             997.25,259.04 998.37,269.63 997.83,275.00
             996.56,287.73 986.12,314.26 979.00,325.00
             972.58,334.68 965.85,343.81 953.00,342.90
             944.70,342.32 934.84,336.66 937.80,327.00
             939.16,322.57 946.83,312.47 949.79,308.00
             949.79,308.00 963.82,283.00 963.82,283.00
             966.35,278.30 970.89,265.74 964.77,262.19
             961.25,260.14 954.41,262.74 951.00,264.32
             939.47,269.68 929.52,280.86 922.15,291.00
             904.64,315.10 891.02,347.16 888.08,377.00
             888.08,377.00 888.08,398.00 888.08,398.00
             888.01,405.87 887.61,419.23 894.11,424.69
             898.13,428.07 904.21,427.07 909.00,426.24
             921.43,424.08 939.19,416.74 945.00,405.00
             931.80,405.45 927.04,402.55 920.70,391.00
             919.57,388.95 917.17,385.13 916.70,383.00
             915.20,376.11 922.74,377.15 927.00,376.96
             927.00,376.96 934.00,376.17 934.00,376.17
             934.00,376.17 984.00,369.58 984.00,369.58
             984.00,369.58 997.00,367.00 997.00,367.00
             996.97,377.78 995.42,381.37 988.87,390.00
             986.64,392.93 984.32,396.08 981.00,397.84
             978.16,399.34 974.17,399.74 971.00,400.00
             969.89,407.17 967.47,411.64 964.24,418.00 Z
           M 990.00,249.00
           C 990.00,249.00 991.00,250.00 991.00,250.00
             991.00,250.00 991.00,249.00 991.00,249.00
             991.00,249.00 990.00,249.00 990.00,249.00 Z
           M 740.58,446.00
           C 738.25,454.14 732.79,474.10 726.67,479.20
             716.42,487.74 699.57,476.71 698.33,464.83
             697.81,459.92 701.80,446.93 703.59,442.00
             703.59,442.00 716.72,407.00 716.72,407.00
             716.72,407.00 735.22,357.00 735.22,357.00
             735.22,357.00 752.67,309.00 752.67,309.00
             752.67,309.00 761.66,280.00 761.66,280.00
             762.70,276.74 763.62,271.16 766.42,269.14
             769.86,266.65 776.88,267.05 781.00,267.00
             790.25,266.87 796.74,261.80 805.00,258.45
             823.19,251.08 853.36,247.13 863.29,269.00
             868.82,281.18 867.90,289.26 866.13,302.00
             862.18,330.40 844.74,359.25 823.00,377.56
             815.84,383.59 808.09,388.89 800.00,393.58
             797.23,395.18 789.40,398.72 788.11,401.22
             786.60,404.15 789.27,412.73 790.15,416.00
             790.15,416.00 798.00,442.00 798.00,442.00
             798.00,442.00 802.00,453.00 802.00,453.00
             802.00,453.00 804.00,453.00 804.00,453.00
             804.86,450.02 805.83,444.50 808.30,442.62
             813.47,438.69 818.28,446.89 819.39,451.00
             819.96,453.12 819.97,454.85 820.00,457.00
             820.06,461.53 820.57,466.96 817.85,470.81
             810.96,480.60 790.57,475.21 783.00,468.79
             764.99,453.52 761.05,429.18 754.00,408.00
             748.73,420.43 744.29,433.01 740.58,446.00 Z
           M 840.00,256.00
           C 840.00,256.00 841.00,257.00 841.00,257.00
             841.00,257.00 841.00,256.00 841.00,256.00
             841.00,256.00 840.00,256.00 840.00,256.00 Z
           M 844.00,258.00
           C 844.00,258.00 850.00,260.00 850.00,260.00
             850.00,260.00 846.00,257.00 846.00,257.00
             846.00,257.00 844.00,258.00 844.00,258.00 Z
           M 853.00,263.00
           C 853.00,263.00 854.00,264.00 854.00,264.00
             854.00,264.00 854.00,263.00 854.00,263.00
             854.00,263.00 853.00,263.00 853.00,263.00 Z
           M 855.00,263.00
           C 855.00,263.00 857.00,267.00 857.00,267.00
             857.00,267.00 857.00,263.00 857.00,263.00
             857.00,263.00 855.00,263.00 855.00,263.00 Z
           M 345.05,269.23
           C 346.07,271.25 345.37,273.82 345.05,276.00
             345.05,276.00 344.00,292.00 344.00,292.00
             343.99,301.13 345.46,303.39 339.57,310.96
             338.16,312.78 337.12,314.33 334.90,315.26
             331.56,316.66 325.10,316.02 323.02,312.72
             321.62,310.49 322.00,304.75 322.00,302.00
             322.00,302.00 319.84,273.00 319.84,273.00
             320.79,269.51 322.10,268.45 325.04,266.74
             329.48,265.64 342.37,264.62 345.05,269.23 Z
           M 857.00,267.00
           C 857.00,267.00 858.00,268.00 858.00,268.00
             858.00,268.00 858.00,267.00 858.00,267.00
             858.00,267.00 857.00,267.00 857.00,267.00 Z
           M 858.00,268.00
           C 858.00,268.00 859.00,269.00 859.00,269.00
             859.00,269.00 859.00,268.00 859.00,268.00
             859.00,268.00 858.00,268.00 858.00,268.00 Z
           M 627.93,294.00
           C 627.24,290.34 625.98,285.58 630.15,283.56
             633.18,282.09 639.45,282.51 643.00,282.04
             643.00,282.04 661.00,278.43 661.00,278.43
             661.00,278.43 672.00,277.83 672.00,277.83
             672.00,277.83 724.00,270.91 724.00,270.91
             724.00,270.91 739.94,269.40 739.94,269.40
             746.47,270.70 744.89,281.76 742.00,285.79
             738.80,290.24 731.05,291.48 726.00,292.65
             726.00,292.65 697.00,301.51 697.00,301.51
             693.32,302.74 687.43,304.22 684.97,307.27
             682.73,310.06 680.91,316.47 679.58,320.00
             679.58,320.00 669.20,347.00 669.20,347.00
             667.81,350.54 665.57,359.84 662.00,361.00
             662.00,361.00 661.00,367.00 661.00,367.00
             661.00,367.00 679.00,364.87 679.00,364.87
             682.71,364.35 693.25,361.59 695.89,362.61
             703.66,365.63 697.34,378.99 692.95,382.36
             688.71,385.62 664.71,394.16 658.00,396.80
             654.68,398.10 647.96,399.85 645.84,402.42
             643.67,405.04 640.39,417.90 639.00,422.00
             635.82,431.35 634.09,429.54 632.57,433.09
             631.28,436.12 633.11,436.98 632.05,441.04
             632.05,441.04 625.00,459.00 625.00,459.00
             625.00,459.00 643.00,455.53 643.00,455.53
             643.00,455.53 655.00,452.30 655.00,452.30
             655.00,452.30 665.00,452.30 665.00,452.30
             669.73,451.91 678.71,452.42 678.71,459.01
             678.71,466.32 662.61,470.67 657.00,473.17
             657.00,473.17 640.00,481.69 640.00,481.69
             640.00,481.69 597.00,502.68 597.00,502.68
             594.02,504.42 585.79,507.89 583.02,504.40
             581.79,502.85 581.97,498.95 582.01,497.00
             582.36,481.53 593.74,453.44 599.00,438.00
             599.00,438.00 628.08,351.00 628.08,351.00
             628.08,351.00 635.42,331.00 635.42,331.00
             635.42,331.00 643.00,312.00 643.00,312.00
             632.57,310.04 629.77,303.73 627.93,294.00 Z
           M 860.00,272.00
           C 860.00,272.00 861.00,273.00 861.00,273.00
             861.00,273.00 861.00,272.00 861.00,272.00
             861.00,272.00 860.00,272.00 860.00,272.00 Z
           M 794.00,360.42
           C 810.97,347.25 825.87,330.14 835.74,311.00
             840.79,301.20 841.58,297.86 842.54,287.00
             842.84,283.61 842.43,277.85 838.86,276.19
             836.45,275.08 832.34,276.55 830.00,277.46
             823.59,279.97 818.86,284.23 812.00,285.00
             810.91,287.94 807.62,289.03 805.00,290.60
             800.57,293.26 798.43,294.40 795.80,299.01
             795.80,299.01 784.72,324.00 784.72,324.00
             779.91,335.15 768.52,364.96 766.00,376.00
             776.57,373.52 785.55,366.98 794.00,360.42 Z
           M 738.00,286.00
           C 738.00,286.00 739.00,287.00 739.00,287.00
             739.00,287.00 739.00,286.00 739.00,286.00
             739.00,286.00 738.00,286.00 738.00,286.00 Z
           M 566.82,433.00
           C 566.20,441.23 562.14,451.83 558.14,459.00
             545.43,481.77 514.60,507.23 490.00,516.32
             484.52,518.34 468.50,522.24 463.00,521.91
             463.00,521.91 454.00,520.30 454.00,520.30
             454.00,520.30 446.00,519.61 446.00,519.61
             441.02,518.50 432.82,513.60 430.45,508.99
             428.74,505.65 428.96,501.66 429.00,498.00
             429.14,486.30 437.10,462.85 440.81,451.00
             440.81,451.00 462.33,391.00 462.33,391.00
             462.33,391.00 472.00,355.00 472.00,355.00
             472.00,355.00 482.17,319.00 482.17,319.00
             483.54,314.89 486.02,307.24 489.22,304.43
             493.16,300.96 497.43,301.93 502.00,301.33
             502.00,301.33 515.00,298.72 515.00,298.72
             515.00,298.72 526.00,296.13 526.00,296.13
             526.00,296.13 541.00,294.91 541.00,294.91
             541.00,294.91 554.00,294.00 554.00,294.00
             568.41,294.17 583.13,302.03 586.33,317.00
             586.83,319.33 587.53,327.69 587.39,330.00
             586.65,342.09 579.49,351.11 572.08,360.00
             564.56,369.03 556.90,377.97 548.00,385.71
             543.04,390.03 535.93,394.35 532.00,399.00
             547.29,401.36 568.13,415.59 566.82,433.00 Z
           M 553.55,338.00
           C 556.57,334.16 566.51,320.32 562.22,315.60
             557.88,310.81 543.77,317.87 539.00,319.80
             534.69,321.54 528.55,323.79 525.39,327.21
             522.72,330.10 519.70,338.01 517.76,342.00
             517.76,342.00 510.70,358.00 510.70,358.00
             510.70,358.00 500.00,382.00 500.00,382.00
             518.00,376.91 542.11,352.50 553.55,338.00 Z
           M 369.14,410.00
           C 380.75,393.55 396.95,371.44 405.75,354.00
             409.36,346.86 419.95,326.60 426.02,322.74
             428.95,320.87 437.37,320.09 441.00,320.02
             443.78,319.96 446.28,320.05 449.00,320.68
             454.18,321.87 459.70,324.32 460.97,330.00
             461.88,334.12 459.61,339.06 458.34,343.00
             458.34,343.00 450.00,368.00 450.00,368.00
             450.00,368.00 442.47,391.00 442.47,391.00
             442.47,391.00 437.34,404.00 437.34,404.00
             437.34,404.00 422.29,447.00 422.29,447.00
             420.55,451.47 419.41,452.06 418.27,454.58
             418.27,454.58 410.23,477.00 410.23,477.00
             410.23,477.00 406.80,489.00 406.80,489.00
             406.80,489.00 400.19,509.00 400.19,509.00
             398.70,513.73 395.80,523.17 393.15,526.98
             384.84,538.94 365.44,532.39 362.51,517.00
             361.56,512.03 364.10,503.83 365.67,499.00
             365.67,499.00 377.42,466.00 377.42,466.00
             377.42,466.00 384.09,450.00 384.09,450.00
             384.09,450.00 396.00,418.00 396.00,418.00
             396.00,418.00 361.88,467.00 361.88,467.00
             358.71,471.60 353.77,480.20 349.83,483.61
             341.57,490.74 329.27,485.58 324.36,477.00
             321.76,472.45 321.95,469.03 322.00,464.00
             322.00,464.00 327.17,418.00 327.17,418.00
             327.79,411.63 329.69,403.00 328.00,397.00
             318.71,418.91 312.29,442.23 305.43,465.00
             305.43,465.00 293.01,497.00 293.01,497.00
             286.78,512.11 278.60,530.63 269.41,544.00
             266.76,547.85 262.09,553.20 257.00,553.39
             250.92,553.61 242.93,542.67 242.38,537.02
             241.65,529.43 248.02,535.52 252.00,529.90
             252.00,529.90 262.95,500.00 262.95,500.00
             262.95,500.00 270.74,475.00 270.74,475.00
             281.17,443.15 291.26,410.86 304.43,380.00
             309.88,367.21 316.37,355.07 323.25,343.00
             327.46,335.63 327.10,332.15 335.01,326.57
             341.14,322.26 358.78,318.65 364.72,324.31
             367.91,327.34 368.12,331.89 367.96,336.00
             367.96,336.00 361.13,387.00 361.13,387.00
             361.13,387.00 354.00,430.00 354.00,430.00
             359.61,426.86 365.19,415.61 369.14,410.00 Z
           M 864.00,330.00
           C 864.00,330.00 865.00,331.00 865.00,331.00
             865.00,331.00 865.00,330.00 865.00,330.00
             865.00,330.00 864.00,330.00 864.00,330.00 Z
           M 198.70,413.00
           C 210.21,392.03 219.12,377.23 233.63,358.00
             233.63,358.00 249.04,338.10 249.04,338.10
             268.17,319.96 293.17,342.06 291.82,360.00
             291.16,368.69 280.20,397.04 276.69,407.00
             276.69,407.00 266.50,438.00 266.50,438.00
             266.50,438.00 254.54,469.00 254.54,469.00
             254.54,469.00 244.12,508.00 244.12,508.00
             244.12,508.00 233.69,543.00 233.69,543.00
             231.88,548.15 230.58,553.82 224.98,556.15
             213.01,561.14 206.17,547.51 204.59,538.00
             202.49,525.33 204.27,528.07 205.71,517.00
             205.71,517.00 206.33,505.00 206.33,505.00
             206.33,505.00 209.36,495.00 209.36,495.00
             209.36,495.00 214.00,472.00 214.00,472.00
             207.17,473.72 195.72,474.79 190.22,479.51
             186.93,482.33 182.82,493.57 180.99,498.00
             175.45,511.43 170.75,526.67 163.40,539.00
             158.49,547.23 145.19,566.61 134.01,564.32
             128.32,563.16 123.73,554.11 122.21,549.00
             120.98,544.88 119.93,539.97 126.02,540.80
             127.81,540.98 128.94,541.69 130.82,540.80
             133.18,539.80 135.03,536.17 136.28,534.00
             136.28,534.00 146.25,515.00 146.25,515.00
             146.25,515.00 160.25,487.00 160.25,487.00
             160.25,487.00 166.51,474.00 166.51,474.00
             167.19,471.27 166.51,470.29 165.15,468.00
             163.67,465.52 162.94,464.97 161.81,462.00
             159.65,456.33 158.27,444.91 167.01,444.24
             168.65,444.11 170.43,444.62 172.00,445.00
             172.00,445.00 181.00,447.00 181.00,447.00
             183.06,439.78 194.48,420.67 198.70,413.00 Z
           M 423.00,337.00
           C 423.00,337.00 424.00,338.00 424.00,338.00
             424.00,338.00 424.00,337.00 424.00,337.00
             424.00,337.00 423.00,337.00 423.00,337.00 Z
           M 422.00,338.00
           C 422.00,338.00 423.00,339.00 423.00,339.00
             423.00,339.00 423.00,338.00 423.00,338.00
             423.00,338.00 422.00,338.00 422.00,338.00 Z
           M 861.00,339.00
           C 861.00,339.00 862.00,340.00 862.00,340.00
             862.00,340.00 862.00,339.00 862.00,339.00
             862.00,339.00 861.00,339.00 861.00,339.00 Z
           M 860.00,341.00
           C 860.00,341.00 861.00,342.00 861.00,342.00
             861.00,342.00 861.00,341.00 861.00,341.00
             861.00,341.00 860.00,341.00 860.00,341.00 Z
           M 414.00,346.00
           C 414.00,346.00 415.00,347.00 415.00,347.00
             415.00,347.00 415.00,346.00 415.00,346.00
             415.00,346.00 414.00,346.00 414.00,346.00 Z
           M 859.00,347.00
           C 859.00,347.00 860.00,348.00 860.00,348.00
             860.00,348.00 860.00,347.00 860.00,347.00
             860.00,347.00 859.00,347.00 859.00,347.00 Z
           M 410.00,350.00
           C 410.00,350.00 411.00,351.00 411.00,351.00
             411.00,351.00 411.00,350.00 411.00,350.00
             411.00,350.00 410.00,350.00 410.00,350.00 Z
           M 856.00,353.00
           C 856.00,353.00 857.00,354.00 857.00,354.00
             857.00,354.00 857.00,353.00 857.00,353.00
             857.00,353.00 856.00,353.00 856.00,353.00 Z
           M 855.00,355.00
           C 855.00,355.00 856.00,356.00 856.00,356.00
             856.00,356.00 856.00,355.00 856.00,355.00
             856.00,355.00 855.00,355.00 855.00,355.00 Z
           M 139.24,496.00
           C 138.64,506.07 132.21,519.70 126.64,528.00
             120.63,536.96 110.28,547.31 102.00,554.25
             89.36,564.83 73.83,575.35 58.00,580.41
             58.00,580.41 48.00,582.45 48.00,582.45
             44.32,583.18 42.98,583.79 39.00,583.96
             32.41,584.25 32.29,583.34 27.00,582.78
             23.71,582.43 21.47,582.71 18.00,581.82
             15.38,581.14 13.36,580.05 11.00,578.76
             8.13,577.20 5.60,575.76 3.73,572.96
             -1.61,564.96 3.39,546.76 5.86,538.00
             5.86,538.00 22.05,488.00 22.05,488.00
             22.05,488.00 35.33,452.00 35.33,452.00
             35.33,452.00 45.96,413.00 45.96,413.00
             45.96,413.00 55.91,378.00 55.91,378.00
             57.65,373.43 59.44,367.55 64.02,365.17
             67.11,363.57 70.67,364.22 74.00,363.82
             74.00,363.82 87.00,361.18 87.00,361.18
             99.35,358.52 99.20,358.36 112.00,357.34
             125.90,356.23 130.52,354.49 144.00,361.00
             150.42,364.11 154.25,367.31 157.12,374.00
             159.17,378.78 158.74,380.19 159.17,385.00
             159.48,390.38 160.39,391.23 159.17,397.09
             157.15,407.84 150.15,415.93 143.27,424.00
             136.19,432.31 129.17,440.53 121.00,447.83
             121.00,447.83 104.00,461.00 104.00,461.00
             120.13,463.53 140.31,477.99 139.24,496.00 Z
           M 661.00,363.00
           C 661.00,363.00 662.00,364.00 662.00,364.00
             662.00,364.00 662.00,363.00 662.00,363.00
             662.00,363.00 661.00,363.00 661.00,363.00 Z
           M 685.00,365.00
           C 685.00,365.00 686.00,366.00 686.00,366.00
             686.00,366.00 686.00,365.00 686.00,365.00
             686.00,365.00 685.00,365.00 685.00,365.00 Z
           M 229.72,398.00
           C 223.88,408.27 206.77,437.28 204.00,447.00
             209.66,446.95 223.31,444.94 227.49,441.18
             230.50,438.49 233.70,424.51 235.00,420.00
             235.00,420.00 250.00,368.00 250.00,368.00
             243.56,373.46 234.19,390.13 229.72,398.00 Z
           M 95.00,431.57
           C 104.88,423.36 116.89,412.04 124.79,402.00
             128.21,397.66 134.83,388.41 135.64,383.00
             136.59,376.73 132.10,375.65 127.00,376.67
             121.75,377.72 103.24,385.14 99.22,388.25
             96.06,390.70 92.13,400.04 90.31,404.00
             90.31,404.00 73.00,444.00 73.00,444.00
             81.37,442.43 88.58,436.90 95.00,431.57 Z
           M 395.00,407.00
           C 395.00,407.00 396.00,408.00 396.00,408.00
             396.00,408.00 396.00,407.00 396.00,407.00
             396.00,407.00 395.00,407.00 395.00,407.00 Z
           M 393.00,410.00
           C 393.00,410.00 394.00,411.00 394.00,411.00
             394.00,411.00 394.00,410.00 394.00,410.00
             394.00,410.00 393.00,410.00 393.00,410.00 Z
           M 392.00,411.00
           C 392.00,411.00 393.00,412.00 393.00,412.00
             393.00,412.00 393.00,411.00 393.00,411.00
             393.00,411.00 392.00,411.00 392.00,411.00 Z
           M 391.00,413.00
           C 391.00,413.00 392.00,414.00 392.00,414.00
             392.00,414.00 392.00,413.00 392.00,413.00
             392.00,413.00 391.00,413.00 391.00,413.00 Z
           M 393.00,413.00
           C 393.00,413.00 394.00,414.00 394.00,414.00
             394.00,414.00 394.00,413.00 394.00,413.00
             394.00,413.00 393.00,413.00 393.00,413.00 Z
           M 396.00,413.00
           C 396.00,413.00 397.00,414.00 397.00,414.00
             397.00,414.00 397.00,413.00 397.00,413.00
             397.00,413.00 396.00,413.00 396.00,413.00 Z
           M 392.00,414.00
           C 392.00,414.00 393.00,415.00 393.00,415.00
             393.00,415.00 393.00,414.00 393.00,414.00
             393.00,414.00 392.00,414.00 392.00,414.00 Z
           M 480.00,487.68
           C 498.09,480.97 517.87,461.72 528.66,446.00
             533.39,439.11 539.98,427.84 537.69,419.02
             536.22,413.36 531.39,414.26 527.00,415.57
             522.52,416.90 506.47,424.58 503.72,427.63
             502.58,428.90 502.55,429.55 502.00,431.00
             495.22,429.65 492.76,432.80 487.00,435.85
             471.95,443.80 471.64,453.03 466.67,468.00
             466.67,468.00 459.00,491.00 459.00,491.00
             466.23,493.03 473.20,490.20 480.00,487.68 Z
           M 390.00,417.00
           C 390.00,417.00 391.00,418.00 391.00,418.00
             391.00,418.00 391.00,417.00 391.00,417.00
             391.00,417.00 390.00,417.00 390.00,417.00 Z
           M 389.00,423.00
           C 389.00,423.00 390.00,424.00 390.00,424.00
             390.00,424.00 390.00,423.00 390.00,423.00
             390.00,423.00 389.00,423.00 389.00,423.00 Z
           M 388.00,424.00
           C 388.00,424.00 389.00,425.00 389.00,425.00
             389.00,425.00 389.00,424.00 389.00,424.00
             389.00,424.00 388.00,424.00 388.00,424.00 Z
           M 635.00,426.00
           C 635.00,426.00 636.00,427.00 636.00,427.00
             636.00,427.00 636.00,426.00 636.00,426.00
             636.00,426.00 635.00,426.00 635.00,426.00 Z
           M 752.00,449.11
           C 766.51,454.18 763.23,470.52 760.37,482.00
             760.37,482.00 752.55,509.00 752.55,509.00
             746.17,525.03 727.98,550.22 715.92,562.57
             711.32,567.28 704.67,572.83 699.00,576.12
             696.14,577.79 689.54,580.08 687.98,582.30
             685.64,585.63 683.08,602.53 683.08,607.00
             683.08,607.00 684.00,615.00 684.00,615.00
             694.01,614.09 700.64,607.02 707.17,599.99
             707.17,599.99 731.00,575.00 731.00,575.00
             731.35,580.89 728.54,589.52 726.27,595.00
             719.45,611.45 712.07,622.66 695.00,629.55
             679.57,635.78 662.57,627.71 656.97,612.00
             655.89,608.98 655.62,601.36 655.74,598.00
             656.27,583.58 656.17,574.26 660.44,560.00
             664.52,546.35 678.64,517.62 686.01,505.00
             686.01,505.00 700.00,482.00 700.00,482.00
             706.80,483.28 709.87,486.65 717.00,486.96
             732.17,487.62 736.57,475.21 740.50,463.00
             740.50,463.00 745.00,448.00 745.00,448.00
             747.65,448.13 749.44,448.21 752.00,449.11 Z
           M 418.00,451.00
           C 418.00,451.00 419.00,452.00 419.00,452.00
             419.00,452.00 419.00,451.00 419.00,451.00
             419.00,451.00 418.00,451.00 418.00,451.00 Z
           M 654.00,455.00
           C 654.00,455.00 655.00,456.00 655.00,456.00
             655.00,456.00 655.00,455.00 655.00,455.00
             655.00,455.00 654.00,455.00 654.00,455.00 Z
           M 672.00,455.00
           C 672.00,455.00 673.00,456.00 673.00,456.00
             673.00,456.00 673.00,455.00 673.00,455.00
             673.00,455.00 672.00,455.00 672.00,455.00 Z
           M 493.00,609.00
           C 497.11,604.89 507.33,594.71 509.86,590.00
             511.52,586.92 512.37,580.74 513.43,577.00
             513.43,577.00 520.86,556.00 520.86,556.00
             520.86,556.00 546.75,502.00 546.75,502.00
             546.75,502.00 554.75,485.28 554.75,485.28
             555.68,481.98 554.68,477.67 557.70,474.32
             562.83,468.61 576.57,480.81 577.65,486.00
             577.65,486.00 577.11,503.00 577.11,503.00
             577.61,507.90 579.78,509.11 578.91,513.00
             578.91,513.00 570.00,533.00 570.00,533.00
             583.61,534.67 583.21,531.31 593.00,529.00
             590.59,542.22 586.71,552.10 573.00,557.29
             567.62,559.32 557.79,559.64 554.47,562.51
             550.74,565.73 546.60,575.28 544.58,580.00
             540.47,589.60 531.36,615.33 530.00,625.00
             538.80,622.99 552.02,617.26 557.49,609.96
             557.49,609.96 566.42,589.00 566.42,589.00
             569.48,581.97 573.62,575.55 577.55,569.00
             584.72,557.05 589.50,547.67 603.00,541.87
             613.20,537.49 631.03,535.65 641.00,541.36
             648.25,545.52 653.88,558.62 646.35,565.26
             638.60,572.11 635.67,558.18 628.00,561.55
             621.54,564.39 616.36,570.78 611.87,576.00
             599.86,589.97 591.29,603.07 584.00,620.00
             584.00,620.00 610.77,589.00 610.77,589.00
             610.77,589.00 624.32,571.39 624.32,571.39
             629.34,566.77 641.25,566.25 643.57,574.09
             646.16,582.85 637.01,594.79 636.00,606.00
             648.57,600.27 646.06,594.01 654.00,595.00
             650.46,606.86 644.71,621.15 633.99,628.24
             629.70,631.07 621.67,633.68 617.42,629.57
             612.79,625.11 613.77,613.22 612.00,607.00
             608.69,614.92 594.84,635.65 588.00,640.35
             579.88,645.93 569.43,643.03 563.30,635.98
             560.52,632.79 559.53,630.86 558.00,627.00
             558.00,627.00 551.80,633.99 551.80,633.99
             544.59,642.65 532.44,654.76 520.00,650.78
             516.37,649.61 514.15,648.07 511.91,644.96
             510.49,642.97 508.67,639.34 507.91,637.00
             504.36,626.06 508.13,616.59 506.00,609.00
             503.76,613.97 499.19,619.20 496.00,624.00
             490.62,632.11 483.14,644.45 475.99,650.70
             471.35,654.75 464.38,660.02 458.00,656.83
             449.99,652.81 446.85,643.34 447.73,635.00
             449.25,620.71 454.90,604.39 460.20,591.00
             460.20,591.00 472.13,565.00 472.13,565.00
             474.19,560.21 476.11,553.95 480.46,550.60
             485.78,546.50 495.96,550.49 501.00,553.43
             503.16,554.70 506.22,556.30 506.46,559.10
             506.72,561.99 498.22,575.60 496.28,579.00
             496.28,579.00 471.00,629.00 471.00,629.00
             478.52,624.61 486.65,615.35 493.00,609.00 Z
           M 69.00,493.21
           C 66.33,494.12 64.38,495.68 62.00,496.97
             55.65,500.43 51.10,502.40 46.99,509.00
             44.20,513.49 39.90,528.23 38.00,534.00
             38.00,534.00 33.22,548.00 33.22,548.00
             32.76,549.76 32.08,552.62 33.78,553.80
             35.41,555.27 39.16,554.08 41.00,553.80
             48.82,551.69 54.05,549.99 61.00,545.80
             79.42,534.70 90.87,523.75 102.97,506.00
             106.64,500.62 112.28,488.65 110.56,482.02
             109.31,477.20 105.27,476.58 101.00,477.53
             96.78,478.47 88.11,483.09 84.00,485.22
             81.96,486.28 78.06,488.02 76.59,489.63
             75.42,490.93 75.49,491.51 75.00,493.21
             73.10,493.02 70.84,492.95 69.00,493.21 Z
           M 719.81,507.00
           C 710.36,522.25 695.94,545.71 692.00,563.00
             710.83,552.00 730.06,524.15 738.30,504.00
             741.46,496.28 745.93,485.26 744.00,477.00
             735.21,483.35 725.61,497.63 719.81,507.00 Z
           M 530.95,509.00
           C 525.97,515.77 512.65,529.03 504.00,529.89
             497.65,530.53 493.88,527.60 497.31,521.09
             498.95,517.99 502.05,516.39 505.00,514.77
             505.00,514.77 517.00,507.49 517.00,507.49
             523.36,503.25 527.41,500.32 533.00,495.00
             536.53,499.82 534.16,504.63 530.95,509.00 Z
           M 302.80,543.00
           C 302.80,543.00 312.19,518.00 312.19,518.00
             313.47,514.70 315.31,508.68 317.50,506.15
             318.73,504.72 320.09,503.70 322.00,503.44
             325.22,503.01 337.79,508.96 340.98,510.80
             344.08,512.57 347.21,514.95 346.16,519.00
             346.16,519.00 339.03,531.00 339.03,531.00
             339.03,531.00 321.28,571.00 321.28,571.00
             321.28,571.00 312.00,597.00 312.00,597.00
             312.00,597.00 305.22,616.00 305.22,616.00
             305.22,616.00 294.00,655.00 294.00,655.00
             294.00,655.00 285.00,688.00 285.00,688.00
             283.64,691.93 281.34,697.84 276.96,699.21
             270.90,701.09 268.12,693.49 267.26,689.00
             265.31,678.85 268.59,661.72 270.00,651.00
             263.00,657.99 251.34,685.40 230.00,685.98
             213.36,686.44 207.61,673.71 207.04,659.00
             206.81,653.01 208.23,644.77 209.86,639.00
             215.95,617.46 229.95,586.30 256.00,586.00
             267.03,585.88 271.45,587.57 281.00,593.00
             281.00,593.00 302.80,543.00 302.80,543.00 Z
           M 365.00,508.00
           C 365.00,508.00 366.00,509.00 366.00,509.00
             366.00,509.00 366.00,508.00 366.00,508.00
             366.00,508.00 365.00,508.00 365.00,508.00 Z
           M 208.00,512.00
           C 208.00,512.00 209.00,513.00 209.00,513.00
             209.00,513.00 209.00,512.00 209.00,512.00
             209.00,512.00 208.00,512.00 208.00,512.00 Z
           M 207.00,523.00
           C 207.00,523.00 208.00,524.00 208.00,524.00
             208.00,524.00 208.00,523.00 208.00,523.00
             208.00,523.00 207.00,523.00 207.00,523.00 Z
           M 387.00,538.00
           C 380.15,546.09 375.73,546.00 366.00,546.00
             366.00,546.00 368.00,535.00 368.00,535.00
             379.16,538.01 374.55,538.00 387.00,538.00 Z
           M 362.61,625.00
           C 365.95,620.70 368.17,613.15 370.89,608.00
             376.28,597.77 387.30,578.29 396.00,571.39
             403.34,565.57 415.70,562.20 425.00,562.02
             430.81,561.90 437.96,563.05 443.00,566.07
             448.92,569.63 451.80,576.19 451.39,583.00
             451.09,587.87 447.38,592.71 442.02,591.53
             436.63,590.34 437.49,585.07 433.66,585.18
             428.28,585.32 420.53,593.35 417.04,597.00
             405.09,609.49 392.86,628.07 386.00,644.00
             386.00,644.00 408.34,619.00 408.34,619.00
             408.34,619.00 423.17,599.02 423.17,599.02
             428.00,593.77 435.05,590.65 441.90,594.45
             449.25,598.53 446.31,607.76 444.05,614.00
             444.05,614.00 437.91,629.00 437.91,629.00
             437.91,629.00 424.00,668.00 424.00,668.00
             424.00,668.00 440.00,656.00 440.00,656.00
             438.19,662.66 434.95,667.86 429.83,672.54
             426.43,675.65 421.37,678.42 418.81,682.09
             418.81,682.09 413.03,695.00 413.03,695.00
             413.03,695.00 402.89,713.00 402.89,713.00
             398.25,721.61 391.73,734.11 383.91,740.22
             376.95,745.64 370.61,747.40 362.00,746.28
             350.08,744.73 345.04,739.20 344.37,727.00
             343.95,719.29 348.57,707.70 354.21,702.52
             357.96,699.07 370.01,692.74 375.00,690.25
             375.00,690.25 388.78,683.35 388.78,683.35
             391.60,680.98 392.65,677.29 394.01,674.00
             396.85,667.12 402.41,657.36 402.00,650.00
             400.29,654.37 398.60,656.41 395.41,659.83
             384.87,671.14 372.27,671.43 363.36,658.00
             361.29,654.87 360.74,653.64 360.00,650.00
             353.02,658.25 347.38,668.22 337.00,672.78
             325.46,677.84 316.88,663.03 317.51,653.00
             318.62,635.57 327.60,613.04 334.58,597.00
             334.58,597.00 346.12,572.00 346.12,572.00
             351.97,562.47 359.99,563.58 369.00,568.32
             371.95,569.87 376.83,572.09 376.44,576.04
             376.20,578.45 373.71,581.88 372.45,584.00
             372.45,584.00 364.00,599.00 364.00,599.00
             364.00,599.00 341.00,645.00 341.00,645.00
             346.93,641.54 358.37,630.46 362.61,625.00 Z
           M 253.01,617.00
           C 242.48,627.78 229.35,650.64 229.00,666.00
             235.55,664.08 239.70,658.19 243.79,653.00
             251.09,643.73 256.91,633.10 263.00,623.00
             266.47,617.24 271.14,611.38 273.00,605.00
             263.09,606.53 259.84,610.01 253.01,617.00 Z
           M 360.21,726.00
           C 359.81,728.90 360.32,731.22 361.00,734.00
             363.24,733.34 364.02,733.24 365.96,731.69
             371.82,727.00 380.80,708.43 384.00,701.00
             374.26,704.10 361.70,715.43 360.21,726.00 Z" />
</svg>
